Histograms (per 1000) of residuals (old then new) for bins with upper edges:
     5    10    15    20    25    30   Inf

===============================
     1     1

           0          12           1          30         499         312         146
        1000           0           0           0           0           0           0

     1     2

     2    89   530   373     5     0     0
   985    14     1     0     0     0     0

     1     3

   407   150    68   152   196    26     0
   858   126    16     0     0     0     0

     1     4

     0    12     2    32   479   452    23
   998     2     0     0     0     0     0

     1     5

         146         851           3           0           0           0           0
        1000           0           0           0           0           0           0

     1     6

     2    22   153   409    78   218   117
   986    14     0     0     0     0     0

     2     1

        1000           0           0           0           0           0           0
        1000           0           0           0           0           0           0

     2     2

        1000           0           0           0           0           0           0
        1000           0           0           0           0           0           0

     2     3

        1000           0           0           0           0           0           0
        1000           0           0           0           0           0           0

     2     4

        1000           0           0           0           0           0           0
        1000           0           0           0           0           0           0

     2     5

         595         405           0           0           0           0           0
        1000           0           0           0           0           0           0

     2     6

        1000           0           0           0           0           0           0
        1000           0           0           0           0           0           0

     3     1

        1000           0           0           0           0           0           0
        1000           0           0           0           0           0           0

     3     2

   919    81     0     0     0     0     0
   997     3     0     0     0     0     0

     3     3

        1000           0           0           0           0           0           0
        1000           0           0           0           0           0           0

     3     4

   306   571   119     4     0     0     0
   990    10     0     0     0     0     0

     3     5

        1000           0           0           0           0           0           0
        1000           0           0           0           0           0           0

     3     6

   987    13     0     0     0     0     0
   997     3     0     0     0     0     0

     4     1

        1000           0           0           0           0           0           0
        1000           0           0           0           0           0           0

     4     2

    41   719   239     0     0     0     0
   997     3     0     0     0     0     0

     4     3

        1000           0           0           0           0           0           0
        1000           0           0           0           0           0           0

     4     4

         999           1           0           0           0           0           0
        1000           0           0           0           0           0           0

     4     5

        1000           0           0           0           0           0           0
        1000           0           0           0           0           0           0

     4     6

         953          46           1           0           0           0           0
        1000           0           0           0           0           0           0

     5     1

        1000           0           0           0           0           0           0
        1000           0           0           0           0           0           0

     5     2

         645         355           1           0           0           0           0
        1000           0           0           0           0           0           0

     5     3

        1000           0           0           0           0           0           0
        1000           0           0           0           0           0           0

     5     4

         999           1           0           0           0           0           0
        1000           0           0           0           0           0           0

     5     5

        1000           0           0           0           0           0           0
        1000           0           0           0           0           0           0

     5     6

         992           8           0           0           0           0           0
        1000           0           0           0           0           0           0

     6     1

   790   197    13     0     0     0     0
   996     3     0     0     0     0     0

     6     2

   703   268    25     4     1     0     0
   905    73    13     6     2     0     0

     6     3

   634   246    93    21     5     1     0
   956    40     3     1     0     0     0

     6     4

   368   152   133   135   117    57    37
   738   197    36    16     4     3     5

     6     5

   542   220   111    56    44    18     9
   876    99    21     3     0     0     0

     6     6

   611   112   143    57    37    19    21
   664   254    37    18    14     9     4

     7     1

        1000           0           0           0           0           0           0
        1000           0           0           0           0           0           0

     7     2

   809   137    54     0     0     0     0
   992     7     1     0     0     0     0

     7     3

   923    77     0     0     0     0     0
   999     1     0     0     0     0     0

     7     4

   776   149    61    14     0     0     0
   885   109     7     0     0     0     0

     7     5

         957          43           0           0           0           0           0
        1000           0           0           0           0           0           0

     7     6

   834    16    60    88     2     0     0
   932    63     4     1     0     0     0

     8     1

        1000           0           0           0           0           0           0
        1000           0           0           0           0           0           0

     8     2

        1000           0           0           0           0           0           0
        1000           0           0           0           0           0           0

     8     3

        1000           0           0           0           0           0           0
        1000           0           0           0           0           0           0

     8     4

        1000           0           0           0           0           0           0
        1000           0           0           0           0           0           0

     8     5

        1000           0           0           0           0           0           0
        1000           0           0           0           0           0           0

     8     6

        1000           0           0           0           0           0           0
        1000           0           0           0           0           0           0

     9     1

        1000           0           0           0           0           0           0
        1000           0           0           0           0           0           0

     9     2

        1000           0           0           0           0           0           0
        1000           0           0           0           0           0           0

     9     3

        1000           0           0           0           0           0           0
        1000           0           0           0           0           0           0

     9     4

        1000           0           0           0           0           0           0
        1000           0           0           0           0           0           0

     9     5

        1000           0           0           0           0           0           0
        1000           0           0           0           0           0           0

     9     6

        1000           0           0           0           0           0           0
        1000           0           0           0           0           0           0

    10     1

        1000           0           0           0           0           0           0
        1000           0           0           0           0           0           0

    10     2

        1000           0           0           0           0           0           0
        1000           0           0           0           0           0           0

    10     3

        1000           0           0           0           0           0           0
        1000           0           0           0           0           0           0

    10     4

        1000           0           0           0           0           0           0
        1000           0           0           0           0           0           0

    10     5

        1000           0           0           0           0           0           0
        1000           0           0           0           0           0           0

    10     6

        1000           0           0           0           0           0           0
        1000           0           0           0           0           0           0

    11     1

        1000           0           0           0           0           0           0
        1000           0           0           0           0           0           0

    11     2

        1000           0           0           0           0           0           0
        1000           0           0           0           0           0           0

    11     3

        1000           0           0           0           0           0           0
        1000           0           0           0           0           0           0

    11     4

        1000           0           0           0           0           0           0
        1000           0           0           0           0           0           0

    11     5

        1000           0           0           0           0           0           0
        1000           0           0           0           0           0           0

    11     6

        1000           0           0           0           0           0           0
        1000           0           0           0           0           0           0

    12     1

        1000           0           0           0           0           0           0
        1000           0           0           0           0           0           0

    12     2

        1000           0           0           0           0           0           0
        1000           0           0           0           0           0           0

    12     3

        1000           0           0           0           0           0           0
        1000           0           0           0           0           0           0

    12     4

        1000           0           0           0           0           0           0
        1000           0           0           0           0           0           0

    12     5

        1000           0           0           0           0           0           0
        1000           0           0           0           0           0           0

    12     6

        1000           0           0           0           0           0           0
        1000           0           0           0           0           0           0

